2024/12/13-21:08:57.075235 2cdc RocksDB version: 8.3.2
2024/12/13-21:08:57.075326 2cdc Git sha 3f7c92b9753b697ce6a5ea737086d2751f17956c
2024/12/13-21:08:57.075339 2cdc Compile date 2023-06-28 10:58:06
2024/12/13-21:08:57.075361 2cdc DB SUMMARY
2024/12/13-21:08:57.075369 2cdc DB Session ID:  9AL8RVRF3XW87BQRTMAH
2024/12/13-21:08:57.075871 2cdc CURRENT file:  CURRENT
2024/12/13-21:08:57.075883 2cdc IDENTITY file:  IDENTITY
2024/12/13-21:08:57.075915 2cdc MANIFEST file:  MANIFEST-000048 size: 3336 Bytes
2024/12/13-21:08:57.075928 2cdc SST files in E:\Private-Network\Node-3\data\database dir, Total Num: 8, files: 000041.sst 000051.sst 000052.sst 000053.sst 000054.sst 000055.sst 000056.sst 000057.sst 
2024/12/13-21:08:57.075935 2cdc Write Ahead Log file in E:\Private-Network\Node-3\data\database: 000047.log size: 5032801 ; 
2024/12/13-21:08:57.076308 2cdc                         Options.error_if_exists: 0
2024/12/13-21:08:57.076321 2cdc                       Options.create_if_missing: 1
2024/12/13-21:08:57.076326 2cdc                         Options.paranoid_checks: 1
2024/12/13-21:08:57.076331 2cdc             Options.flush_verify_memtable_count: 1
2024/12/13-21:08:57.076336 2cdc                               Options.track_and_verify_wals_in_manifest: 0
2024/12/13-21:08:57.076341 2cdc        Options.verify_sst_unique_id_in_manifest: 1
2024/12/13-21:08:57.076346 2cdc                                     Options.env: 000002A794A267C0
2024/12/13-21:08:57.076360 2cdc                                      Options.fs: WinFS
2024/12/13-21:08:57.076366 2cdc                                Options.info_log: 000002A79344ADF0
2024/12/13-21:08:57.076371 2cdc                Options.max_file_opening_threads: 16
2024/12/13-21:08:57.076375 2cdc                              Options.statistics: 000002A7934C4400
2024/12/13-21:08:57.076380 2cdc                               Options.use_fsync: 0
2024/12/13-21:08:57.076385 2cdc                       Options.max_log_file_size: 0
2024/12/13-21:08:57.076390 2cdc                  Options.max_manifest_file_size: 1073741824
2024/12/13-21:08:57.076395 2cdc                   Options.log_file_time_to_roll: 86400
2024/12/13-21:08:57.076399 2cdc                       Options.keep_log_file_num: 7
2024/12/13-21:08:57.076404 2cdc                    Options.recycle_log_file_num: 0
2024/12/13-21:08:57.076409 2cdc                         Options.allow_fallocate: 1
2024/12/13-21:08:57.076414 2cdc                        Options.allow_mmap_reads: 0
2024/12/13-21:08:57.076418 2cdc                       Options.allow_mmap_writes: 0
2024/12/13-21:08:57.076423 2cdc                        Options.use_direct_reads: 0
2024/12/13-21:08:57.076428 2cdc                        Options.use_direct_io_for_flush_and_compaction: 0
2024/12/13-21:08:57.076432 2cdc          Options.create_missing_column_families: 1
2024/12/13-21:08:57.076437 2cdc                              Options.db_log_dir: 
2024/12/13-21:08:57.076442 2cdc                                 Options.wal_dir: 
2024/12/13-21:08:57.076446 2cdc                Options.table_cache_numshardbits: 6
2024/12/13-21:08:57.076451 2cdc                         Options.WAL_ttl_seconds: 0
2024/12/13-21:08:57.076456 2cdc                       Options.WAL_size_limit_MB: 0
2024/12/13-21:08:57.076461 2cdc                        Options.max_write_batch_group_size_bytes: 1048576
2024/12/13-21:08:57.076466 2cdc             Options.manifest_preallocation_size: 4194304
2024/12/13-21:08:57.076470 2cdc                     Options.is_fd_close_on_exec: 1
2024/12/13-21:08:57.076475 2cdc                   Options.advise_random_on_open: 1
2024/12/13-21:08:57.076480 2cdc                    Options.db_write_buffer_size: 0
2024/12/13-21:08:57.076484 2cdc                    Options.write_buffer_manager: 000002A794A26130
2024/12/13-21:08:57.076490 2cdc         Options.access_hint_on_compaction_start: 1
2024/12/13-21:08:57.076494 2cdc           Options.random_access_max_buffer_size: 1048576
2024/12/13-21:08:57.076499 2cdc                      Options.use_adaptive_mutex: 0
2024/12/13-21:08:57.076504 2cdc                            Options.rate_limiter: 0000000000000000
2024/12/13-21:08:57.076546 2cdc     Options.sst_file_manager.rate_bytes_per_sec: 0
2024/12/13-21:08:57.076554 2cdc                       Options.wal_recovery_mode: 2
2024/12/13-21:08:57.076559 2cdc                  Options.enable_thread_tracking: 0
2024/12/13-21:08:57.076563 2cdc                  Options.enable_pipelined_write: 0
2024/12/13-21:08:57.076568 2cdc                  Options.unordered_write: 0
2024/12/13-21:08:57.076573 2cdc         Options.allow_concurrent_memtable_write: 1
2024/12/13-21:08:57.076577 2cdc      Options.enable_write_thread_adaptive_yield: 1
2024/12/13-21:08:57.076582 2cdc             Options.write_thread_max_yield_usec: 100
2024/12/13-21:08:57.076587 2cdc            Options.write_thread_slow_yield_usec: 3
2024/12/13-21:08:57.076591 2cdc                               Options.row_cache: None
2024/12/13-21:08:57.076596 2cdc                              Options.wal_filter: None
2024/12/13-21:08:57.076601 2cdc             Options.avoid_flush_during_recovery: 0
2024/12/13-21:08:57.076605 2cdc             Options.allow_ingest_behind: 0
2024/12/13-21:08:57.076610 2cdc             Options.two_write_queues: 0
2024/12/13-21:08:57.076615 2cdc             Options.manual_wal_flush: 0
2024/12/13-21:08:57.076618 2cdc             Options.wal_compression: 0
2024/12/13-21:08:57.076620 2cdc             Options.atomic_flush: 0
2024/12/13-21:08:57.076623 2cdc             Options.avoid_unnecessary_blocking_io: 0
2024/12/13-21:08:57.076625 2cdc                 Options.persist_stats_to_disk: 0
2024/12/13-21:08:57.076627 2cdc                 Options.write_dbid_to_manifest: 0
2024/12/13-21:08:57.076630 2cdc                 Options.log_readahead_size: 0
2024/12/13-21:08:57.076632 2cdc                 Options.file_checksum_gen_factory: Unknown
2024/12/13-21:08:57.076635 2cdc                 Options.best_efforts_recovery: 0
2024/12/13-21:08:57.076637 2cdc                Options.max_bgerror_resume_count: 2147483647
2024/12/13-21:08:57.076639 2cdc            Options.bgerror_resume_retry_interval: 1000000
2024/12/13-21:08:57.076642 2cdc             Options.allow_data_in_errors: 0
2024/12/13-21:08:57.076644 2cdc             Options.db_host_id: __hostname__
2024/12/13-21:08:57.076646 2cdc             Options.enforce_single_del_contracts: true
2024/12/13-21:08:57.076649 2cdc             Options.max_background_jobs: 2
2024/12/13-21:08:57.076651 2cdc             Options.max_background_compactions: -1
2024/12/13-21:08:57.076654 2cdc             Options.max_subcompactions: 1
2024/12/13-21:08:57.076656 2cdc             Options.avoid_flush_during_shutdown: 0
2024/12/13-21:08:57.076658 2cdc           Options.writable_file_max_buffer_size: 1048576
2024/12/13-21:08:57.076661 2cdc             Options.delayed_write_rate : 16777216
2024/12/13-21:08:57.076663 2cdc             Options.max_total_wal_size: 1073741824
2024/12/13-21:08:57.076666 2cdc             Options.delete_obsolete_files_period_micros: 21600000000
2024/12/13-21:08:57.076668 2cdc                   Options.stats_dump_period_sec: 600
2024/12/13-21:08:57.076670 2cdc                 Options.stats_persist_period_sec: 600
2024/12/13-21:08:57.076673 2cdc                 Options.stats_history_buffer_size: 1048576
2024/12/13-21:08:57.076675 2cdc                          Options.max_open_files: 1024
2024/12/13-21:08:57.076677 2cdc                          Options.bytes_per_sync: 0
2024/12/13-21:08:57.076680 2cdc                      Options.wal_bytes_per_sync: 0
2024/12/13-21:08:57.076682 2cdc                   Options.strict_bytes_per_sync: 0
2024/12/13-21:08:57.076684 2cdc       Options.compaction_readahead_size: 0
2024/12/13-21:08:57.076695 2cdc                  Options.max_background_flushes: -1
2024/12/13-21:08:57.076712 2cdc Compression algorithms supported:
2024/12/13-21:08:57.076716 2cdc 	kZSTD supported: 1
2024/12/13-21:08:57.076718 2cdc 	kSnappyCompression supported: 1
2024/12/13-21:08:57.076721 2cdc 	kBZip2Compression supported: 0
2024/12/13-21:08:57.076723 2cdc 	kZlibCompression supported: 1
2024/12/13-21:08:57.076725 2cdc 	kLZ4Compression supported: 1
2024/12/13-21:08:57.076743 2cdc 	kXpressCompression supported: 0
2024/12/13-21:08:57.076746 2cdc 	kLZ4HCCompression supported: 1
2024/12/13-21:08:57.076749 2cdc 	kZSTDNotFinalCompression supported: 1
2024/12/13-21:08:57.076751 2cdc Fast CRC32 supported: Not supported on x86
2024/12/13-21:08:57.076754 2cdc DMutex implementation: std::mutex
2024/12/13-21:08:57.077784 2cdc [db\version_set.cc:5834] Recovering from manifest file: E:\Private-Network\Node-3\data\database/MANIFEST-000048
2024/12/13-21:08:57.078088 2cdc [db\column_family.cc:621] --------------- Options for column family [default]:
2024/12/13-21:08:57.078110 2cdc               Options.comparator: leveldb.BytewiseComparator
2024/12/13-21:08:57.078113 2cdc           Options.merge_operator: None
2024/12/13-21:08:57.078116 2cdc        Options.compaction_filter: None
2024/12/13-21:08:57.078119 2cdc        Options.compaction_filter_factory: None
2024/12/13-21:08:57.078121 2cdc  Options.sst_partitioner_factory: None
2024/12/13-21:08:57.078124 2cdc         Options.memtable_factory: SkipListFactory
2024/12/13-21:08:57.078126 2cdc            Options.table_factory: BlockBasedTable
2024/12/13-21:08:57.078145 2cdc            table_factory options:   flush_block_policy_factory: FlushBlockBySizePolicyFactory (000002A793079630)
  cache_index_and_filter_blocks: 0
  cache_index_and_filter_blocks_with_high_priority: 1
  pin_l0_filter_and_index_blocks_in_cache: 0
  pin_top_level_index_and_filter: 1
  index_type: 0
  data_block_index_type: 0
  index_shortening: 1
  data_block_hash_table_util_ratio: 0.750000
  checksum: 1
  no_block_cache: 0
  block_cache: 000002A794A284E0
  block_cache_name: LRUCache
  block_cache_options:
    capacity : 134217728
    num_shard_bits : 6
    strict_capacity_limit : 0
    memory_allocator : None
    high_pri_pool_ratio: 0.000
    low_pri_pool_ratio: 0.000
  persistent_cache: 0000000000000000
  block_size: 32768
  block_size_deviation: 10
  block_restart_interval: 16
  index_block_restart_interval: 1
  metadata_block_size: 4096
  partition_filters: 0
  use_delta_encoding: 1
  filter_policy: bloomfilter
  whole_key_filtering: 1
  verify_compression: 0
  read_amp_bytes_per_bit: 0
  format_version: 5
  enable_index_compression: 1
  block_align: 0
  max_auto_readahead_size: 262144
  prepopulate_block_cache: 0
  initial_auto_readahead_size: 8192
  num_file_reads_for_auto_readahead: 2
2024/12/13-21:08:57.078148 2cdc        Options.write_buffer_size: 67108864
2024/12/13-21:08:57.078151 2cdc  Options.max_write_buffer_number: 2
2024/12/13-21:08:57.078153 2cdc          Options.compression: LZ4
2024/12/13-21:08:57.078156 2cdc                  Options.bottommost_compression: Disabled
2024/12/13-21:08:57.078158 2cdc       Options.prefix_extractor: nullptr
2024/12/13-21:08:57.078160 2cdc   Options.memtable_insert_with_hint_prefix_extractor: nullptr
2024/12/13-21:08:57.078163 2cdc             Options.num_levels: 7
2024/12/13-21:08:57.078166 2cdc        Options.min_write_buffer_number_to_merge: 1
2024/12/13-21:08:57.078168 2cdc     Options.max_write_buffer_number_to_maintain: 0
2024/12/13-21:08:57.078171 2cdc     Options.max_write_buffer_size_to_maintain: 134217728
2024/12/13-21:08:57.078173 2cdc            Options.bottommost_compression_opts.window_bits: -14
2024/12/13-21:08:57.078176 2cdc                  Options.bottommost_compression_opts.level: 32767
2024/12/13-21:08:57.078179 2cdc               Options.bottommost_compression_opts.strategy: 0
2024/12/13-21:08:57.078181 2cdc         Options.bottommost_compression_opts.max_dict_bytes: 0
2024/12/13-21:08:57.078184 2cdc         Options.bottommost_compression_opts.zstd_max_train_bytes: 0
2024/12/13-21:08:57.078186 2cdc         Options.bottommost_compression_opts.parallel_threads: 1
2024/12/13-21:08:57.078189 2cdc                  Options.bottommost_compression_opts.enabled: false
2024/12/13-21:08:57.078192 2cdc         Options.bottommost_compression_opts.max_dict_buffer_bytes: 0
2024/12/13-21:08:57.078194 2cdc         Options.bottommost_compression_opts.use_zstd_dict_trainer: true
2024/12/13-21:08:57.078197 2cdc            Options.compression_opts.window_bits: -14
2024/12/13-21:08:57.078203 2cdc                  Options.compression_opts.level: 32767
2024/12/13-21:08:57.078207 2cdc               Options.compression_opts.strategy: 0
2024/12/13-21:08:57.078210 2cdc         Options.compression_opts.max_dict_bytes: 0
2024/12/13-21:08:57.078213 2cdc         Options.compression_opts.zstd_max_train_bytes: 0
2024/12/13-21:08:57.078215 2cdc         Options.compression_opts.use_zstd_dict_trainer: true
2024/12/13-21:08:57.078218 2cdc         Options.compression_opts.parallel_threads: 1
2024/12/13-21:08:57.078220 2cdc                  Options.compression_opts.enabled: false
2024/12/13-21:08:57.078223 2cdc         Options.compression_opts.max_dict_buffer_bytes: 0
2024/12/13-21:08:57.078225 2cdc      Options.level0_file_num_compaction_trigger: 4
2024/12/13-21:08:57.078228 2cdc          Options.level0_slowdown_writes_trigger: 20
2024/12/13-21:08:57.078230 2cdc              Options.level0_stop_writes_trigger: 36
2024/12/13-21:08:57.078233 2cdc                   Options.target_file_size_base: 67108864
2024/12/13-21:08:57.078235 2cdc             Options.target_file_size_multiplier: 1
2024/12/13-21:08:57.078238 2cdc                Options.max_bytes_for_level_base: 268435456
2024/12/13-21:08:57.078241 2cdc Options.level_compaction_dynamic_level_bytes: 0
2024/12/13-21:08:57.078243 2cdc          Options.max_bytes_for_level_multiplier: 10.000000
2024/12/13-21:08:57.078246 2cdc Options.max_bytes_for_level_multiplier_addtl[0]: 1
2024/12/13-21:08:57.078249 2cdc Options.max_bytes_for_level_multiplier_addtl[1]: 1
2024/12/13-21:08:57.078253 2cdc Options.max_bytes_for_level_multiplier_addtl[2]: 1
2024/12/13-21:08:57.078255 2cdc Options.max_bytes_for_level_multiplier_addtl[3]: 1
2024/12/13-21:08:57.078258 2cdc Options.max_bytes_for_level_multiplier_addtl[4]: 1
2024/12/13-21:08:57.078261 2cdc Options.max_bytes_for_level_multiplier_addtl[5]: 1
2024/12/13-21:08:57.078263 2cdc Options.max_bytes_for_level_multiplier_addtl[6]: 1
2024/12/13-21:08:57.078266 2cdc       Options.max_sequential_skip_in_iterations: 8
2024/12/13-21:08:57.078269 2cdc                    Options.max_compaction_bytes: 1677721600
2024/12/13-21:08:57.078271 2cdc   Options.ignore_max_compaction_bytes_for_input: true
2024/12/13-21:08:57.078274 2cdc                        Options.arena_block_size: 1048576
2024/12/13-21:08:57.078277 2cdc   Options.soft_pending_compaction_bytes_limit: 68719476736
2024/12/13-21:08:57.078280 2cdc   Options.hard_pending_compaction_bytes_limit: 274877906944
2024/12/13-21:08:57.078283 2cdc                Options.disable_auto_compactions: 0
2024/12/13-21:08:57.078286 2cdc                        Options.compaction_style: kCompactionStyleLevel
2024/12/13-21:08:57.078289 2cdc                          Options.compaction_pri: kMinOverlappingRatio
2024/12/13-21:08:57.078292 2cdc Options.compaction_options_universal.size_ratio: 1
2024/12/13-21:08:57.078295 2cdc Options.compaction_options_universal.min_merge_width: 2
2024/12/13-21:08:57.078297 2cdc Options.compaction_options_universal.max_merge_width: 4294967295
2024/12/13-21:08:57.078300 2cdc Options.compaction_options_universal.max_size_amplification_percent: 200
2024/12/13-21:08:57.078303 2cdc Options.compaction_options_universal.compression_size_percent: -1
2024/12/13-21:08:57.078306 2cdc Options.compaction_options_universal.stop_style: kCompactionStopStyleTotalSize
2024/12/13-21:08:57.078309 2cdc Options.compaction_options_fifo.max_table_files_size: 1073741824
2024/12/13-21:08:57.078312 2cdc Options.compaction_options_fifo.allow_compaction: 0
2024/12/13-21:08:57.078317 2cdc                   Options.table_properties_collectors: 
2024/12/13-21:08:57.078327 2cdc                   Options.inplace_update_support: 0
2024/12/13-21:08:57.078329 2cdc                 Options.inplace_update_num_locks: 10000
2024/12/13-21:08:57.078332 2cdc               Options.memtable_prefix_bloom_size_ratio: 0.000000
2024/12/13-21:08:57.078335 2cdc               Options.memtable_whole_key_filtering: 0
2024/12/13-21:08:57.078337 2cdc   Options.memtable_huge_page_size: 0
2024/12/13-21:08:57.078364 2cdc                           Options.bloom_locality: 0
2024/12/13-21:08:57.078368 2cdc                    Options.max_successive_merges: 0
2024/12/13-21:08:57.078371 2cdc                Options.optimize_filters_for_hits: 0
2024/12/13-21:08:57.078373 2cdc                Options.paranoid_file_checks: 0
2024/12/13-21:08:57.078376 2cdc                Options.force_consistency_checks: 1
2024/12/13-21:08:57.078385 2cdc                Options.report_bg_io_stats: 0
2024/12/13-21:08:57.078388 2cdc                               Options.ttl: 0
2024/12/13-21:08:57.078391 2cdc          Options.periodic_compaction_seconds: 0
2024/12/13-21:08:57.078393 2cdc  Options.preclude_last_level_data_seconds: 0
2024/12/13-21:08:57.078395 2cdc    Options.preserve_internal_time_seconds: 0
2024/12/13-21:08:57.078398 2cdc                       Options.enable_blob_files: false
2024/12/13-21:08:57.078400 2cdc                           Options.min_blob_size: 0
2024/12/13-21:08:57.078403 2cdc                          Options.blob_file_size: 268435456
2024/12/13-21:08:57.078405 2cdc                   Options.blob_compression_type: NoCompression
2024/12/13-21:08:57.078408 2cdc          Options.enable_blob_garbage_collection: false
2024/12/13-21:08:57.078411 2cdc      Options.blob_garbage_collection_age_cutoff: 0.250000
2024/12/13-21:08:57.078414 2cdc Options.blob_garbage_collection_force_threshold: 1.000000
2024/12/13-21:08:57.078417 2cdc          Options.blob_compaction_readahead_size: 0
2024/12/13-21:08:57.078419 2cdc                Options.blob_file_starting_level: 0
2024/12/13-21:08:57.078422 2cdc Options.experimental_mempurge_threshold: 0.000000
2024/12/13-21:08:57.078605 2cdc [db\column_family.cc:621] --------------- Options for column family []:
2024/12/13-21:08:57.078610 2cdc               Options.comparator: leveldb.BytewiseComparator
2024/12/13-21:08:57.078612 2cdc           Options.merge_operator: None
2024/12/13-21:08:57.078615 2cdc        Options.compaction_filter: None
2024/12/13-21:08:57.078617 2cdc        Options.compaction_filter_factory: None
2024/12/13-21:08:57.078619 2cdc  Options.sst_partitioner_factory: None
2024/12/13-21:08:57.078622 2cdc         Options.memtable_factory: SkipListFactory
2024/12/13-21:08:57.078624 2cdc            Options.table_factory: BlockBasedTable
2024/12/13-21:08:57.078637 2cdc            table_factory options:   flush_block_policy_factory: FlushBlockBySizePolicyFactory (000002A793078CD0)
  cache_index_and_filter_blocks: 0
  cache_index_and_filter_blocks_with_high_priority: 1
  pin_l0_filter_and_index_blocks_in_cache: 0
  pin_top_level_index_and_filter: 1
  index_type: 0
  data_block_index_type: 0
  index_shortening: 1
  data_block_hash_table_util_ratio: 0.750000
  checksum: 1
  no_block_cache: 0
  block_cache: 000002A794A25600
  block_cache_name: LRUCache
  block_cache_options:
    capacity : 134217728
    num_shard_bits : 6
    strict_capacity_limit : 0
    memory_allocator : None
    high_pri_pool_ratio: 0.000
    low_pri_pool_ratio: 0.000
  persistent_cache: 0000000000000000
  block_size: 32768
  block_size_deviation: 10
  block_restart_interval: 16
  index_block_restart_interval: 1
  metadata_block_size: 4096
  partition_filters: 0
  use_delta_encoding: 1
  filter_policy: bloomfilter
  whole_key_filtering: 1
  verify_compression: 0
  read_amp_bytes_per_bit: 0
  format_version: 5
  enable_index_compression: 1
  block_align: 0
  max_auto_readahead_size: 262144
  prepopulate_block_cache: 0
  initial_auto_readahead_size: 8192
  num_file_reads_for_auto_readahead: 2
2024/12/13-21:08:57.078640 2cdc        Options.write_buffer_size: 67108864
2024/12/13-21:08:57.078642 2cdc  Options.max_write_buffer_number: 2
2024/12/13-21:08:57.078644 2cdc          Options.compression: LZ4
2024/12/13-21:08:57.078647 2cdc                  Options.bottommost_compression: Disabled
2024/12/13-21:08:57.078649 2cdc       Options.prefix_extractor: nullptr
2024/12/13-21:08:57.078651 2cdc   Options.memtable_insert_with_hint_prefix_extractor: nullptr
2024/12/13-21:08:57.078654 2cdc             Options.num_levels: 7
2024/12/13-21:08:57.078661 2cdc        Options.min_write_buffer_number_to_merge: 1
2024/12/13-21:08:57.078664 2cdc     Options.max_write_buffer_number_to_maintain: 0
2024/12/13-21:08:57.078667 2cdc     Options.max_write_buffer_size_to_maintain: 134217728
2024/12/13-21:08:57.078670 2cdc            Options.bottommost_compression_opts.window_bits: -14
2024/12/13-21:08:57.078673 2cdc                  Options.bottommost_compression_opts.level: 32767
2024/12/13-21:08:57.078676 2cdc               Options.bottommost_compression_opts.strategy: 0
2024/12/13-21:08:57.078678 2cdc         Options.bottommost_compression_opts.max_dict_bytes: 0
2024/12/13-21:08:57.078681 2cdc         Options.bottommost_compression_opts.zstd_max_train_bytes: 0
2024/12/13-21:08:57.078684 2cdc         Options.bottommost_compression_opts.parallel_threads: 1
2024/12/13-21:08:57.078687 2cdc                  Options.bottommost_compression_opts.enabled: false
2024/12/13-21:08:57.078689 2cdc         Options.bottommost_compression_opts.max_dict_buffer_bytes: 0
2024/12/13-21:08:57.078692 2cdc         Options.bottommost_compression_opts.use_zstd_dict_trainer: true
2024/12/13-21:08:57.078695 2cdc            Options.compression_opts.window_bits: -14
2024/12/13-21:08:57.078698 2cdc                  Options.compression_opts.level: 32767
2024/12/13-21:08:57.078701 2cdc               Options.compression_opts.strategy: 0
2024/12/13-21:08:57.078703 2cdc         Options.compression_opts.max_dict_bytes: 0
2024/12/13-21:08:57.078706 2cdc         Options.compression_opts.zstd_max_train_bytes: 0
2024/12/13-21:08:57.078709 2cdc         Options.compression_opts.use_zstd_dict_trainer: true
2024/12/13-21:08:57.078712 2cdc         Options.compression_opts.parallel_threads: 1
2024/12/13-21:08:57.078714 2cdc                  Options.compression_opts.enabled: false
2024/12/13-21:08:57.078717 2cdc         Options.compression_opts.max_dict_buffer_bytes: 0
2024/12/13-21:08:57.078720 2cdc      Options.level0_file_num_compaction_trigger: 4
2024/12/13-21:08:57.078723 2cdc          Options.level0_slowdown_writes_trigger: 20
2024/12/13-21:08:57.078726 2cdc              Options.level0_stop_writes_trigger: 36
2024/12/13-21:08:57.078728 2cdc                   Options.target_file_size_base: 67108864
2024/12/13-21:08:57.078731 2cdc             Options.target_file_size_multiplier: 1
2024/12/13-21:08:57.078734 2cdc                Options.max_bytes_for_level_base: 268435456
2024/12/13-21:08:57.078737 2cdc Options.level_compaction_dynamic_level_bytes: 0
2024/12/13-21:08:57.078740 2cdc          Options.max_bytes_for_level_multiplier: 10.000000
2024/12/13-21:08:57.078743 2cdc Options.max_bytes_for_level_multiplier_addtl[0]: 1
2024/12/13-21:08:57.078746 2cdc Options.max_bytes_for_level_multiplier_addtl[1]: 1
2024/12/13-21:08:57.078748 2cdc Options.max_bytes_for_level_multiplier_addtl[2]: 1
2024/12/13-21:08:57.078751 2cdc Options.max_bytes_for_level_multiplier_addtl[3]: 1
2024/12/13-21:08:57.078754 2cdc Options.max_bytes_for_level_multiplier_addtl[4]: 1
2024/12/13-21:08:57.078756 2cdc Options.max_bytes_for_level_multiplier_addtl[5]: 1
2024/12/13-21:08:57.078759 2cdc Options.max_bytes_for_level_multiplier_addtl[6]: 1
2024/12/13-21:08:57.078762 2cdc       Options.max_sequential_skip_in_iterations: 8
2024/12/13-21:08:57.078764 2cdc                    Options.max_compaction_bytes: 1677721600
2024/12/13-21:08:57.078767 2cdc   Options.ignore_max_compaction_bytes_for_input: true
2024/12/13-21:08:57.078770 2cdc                        Options.arena_block_size: 1048576
2024/12/13-21:08:57.078773 2cdc   Options.soft_pending_compaction_bytes_limit: 68719476736
2024/12/13-21:08:57.078775 2cdc   Options.hard_pending_compaction_bytes_limit: 274877906944
2024/12/13-21:08:57.078778 2cdc                Options.disable_auto_compactions: 0
2024/12/13-21:08:57.078781 2cdc                        Options.compaction_style: kCompactionStyleLevel
2024/12/13-21:08:57.078784 2cdc                          Options.compaction_pri: kMinOverlappingRatio
2024/12/13-21:08:57.078787 2cdc Options.compaction_options_universal.size_ratio: 1
2024/12/13-21:08:57.078792 2cdc Options.compaction_options_universal.min_merge_width: 2
2024/12/13-21:08:57.078795 2cdc Options.compaction_options_universal.max_merge_width: 4294967295
2024/12/13-21:08:57.078798 2cdc Options.compaction_options_universal.max_size_amplification_percent: 200
2024/12/13-21:08:57.078801 2cdc Options.compaction_options_universal.compression_size_percent: -1
2024/12/13-21:08:57.078804 2cdc Options.compaction_options_universal.stop_style: kCompactionStopStyleTotalSize
2024/12/13-21:08:57.078807 2cdc Options.compaction_options_fifo.max_table_files_size: 1073741824
2024/12/13-21:08:57.078809 2cdc Options.compaction_options_fifo.allow_compaction: 0
2024/12/13-21:08:57.078813 2cdc                   Options.table_properties_collectors: 
2024/12/13-21:08:57.078815 2cdc                   Options.inplace_update_support: 0
2024/12/13-21:08:57.078818 2cdc                 Options.inplace_update_num_locks: 10000
2024/12/13-21:08:57.078821 2cdc               Options.memtable_prefix_bloom_size_ratio: 0.000000
2024/12/13-21:08:57.078824 2cdc               Options.memtable_whole_key_filtering: 0
2024/12/13-21:08:57.078826 2cdc   Options.memtable_huge_page_size: 0
2024/12/13-21:08:57.078829 2cdc                           Options.bloom_locality: 0
2024/12/13-21:08:57.078832 2cdc                    Options.max_successive_merges: 0
2024/12/13-21:08:57.078834 2cdc                Options.optimize_filters_for_hits: 0
2024/12/13-21:08:57.078837 2cdc                Options.paranoid_file_checks: 0
2024/12/13-21:08:57.078840 2cdc                Options.force_consistency_checks: 1
2024/12/13-21:08:57.078842 2cdc                Options.report_bg_io_stats: 0
2024/12/13-21:08:57.078845 2cdc                               Options.ttl: 0
2024/12/13-21:08:57.078847 2cdc          Options.periodic_compaction_seconds: 0
2024/12/13-21:08:57.078850 2cdc  Options.preclude_last_level_data_seconds: 0
2024/12/13-21:08:57.078853 2cdc    Options.preserve_internal_time_seconds: 0
2024/12/13-21:08:57.078856 2cdc                       Options.enable_blob_files: true
2024/12/13-21:08:57.078858 2cdc                           Options.min_blob_size: 100
2024/12/13-21:08:57.078861 2cdc                          Options.blob_file_size: 268435456
2024/12/13-21:08:57.078864 2cdc                   Options.blob_compression_type: LZ4
2024/12/13-21:08:57.078867 2cdc          Options.enable_blob_garbage_collection: false
2024/12/13-21:08:57.078870 2cdc      Options.blob_garbage_collection_age_cutoff: 0.250000
2024/12/13-21:08:57.078872 2cdc Options.blob_garbage_collection_force_threshold: 1.000000
2024/12/13-21:08:57.078875 2cdc          Options.blob_compaction_readahead_size: 0
2024/12/13-21:08:57.078878 2cdc                Options.blob_file_starting_level: 0
2024/12/13-21:08:57.078881 2cdc Options.experimental_mempurge_threshold: 0.000000
2024/12/13-21:08:57.078905 2cdc [db\column_family.cc:621] --------------- Options for column family []:
2024/12/13-21:08:57.078908 2cdc               Options.comparator: leveldb.BytewiseComparator
2024/12/13-21:08:57.078911 2cdc           Options.merge_operator: None
2024/12/13-21:08:57.078913 2cdc        Options.compaction_filter: None
2024/12/13-21:08:57.078916 2cdc        Options.compaction_filter_factory: None
2024/12/13-21:08:57.078919 2cdc  Options.sst_partitioner_factory: None
2024/12/13-21:08:57.078921 2cdc         Options.memtable_factory: SkipListFactory
2024/12/13-21:08:57.078924 2cdc            Options.table_factory: BlockBasedTable
2024/12/13-21:08:57.078937 2cdc            table_factory options:   flush_block_policy_factory: FlushBlockBySizePolicyFactory (000002A793079030)
  cache_index_and_filter_blocks: 0
  cache_index_and_filter_blocks_with_high_priority: 1
  pin_l0_filter_and_index_blocks_in_cache: 0
  pin_top_level_index_and_filter: 1
  index_type: 0
  data_block_index_type: 0
  index_shortening: 1
  data_block_hash_table_util_ratio: 0.750000
  checksum: 1
  no_block_cache: 0
  block_cache: 000002A794A27130
  block_cache_name: LRUCache
  block_cache_options:
    capacity : 134217728
    num_shard_bits : 6
    strict_capacity_limit : 0
    memory_allocator : None
    high_pri_pool_ratio: 0.000
    low_pri_pool_ratio: 0.000
  persistent_cache: 0000000000000000
  block_size: 32768
  block_size_deviation: 10
  block_restart_interval: 16
  index_block_restart_interval: 1
  metadata_block_size: 4096
  partition_filters: 0
  use_delta_encoding: 1
  filter_policy: bloomfilter
  whole_key_filtering: 1
  verify_compression: 0
  read_amp_bytes_per_bit: 0
  format_version: 5
  enable_index_compression: 1
  block_align: 0
  max_auto_readahead_size: 262144
  prepopulate_block_cache: 0
  initial_auto_readahead_size: 8192
  num_file_reads_for_auto_readahead: 2
2024/12/13-21:08:57.078948 2cdc        Options.write_buffer_size: 67108864
2024/12/13-21:08:57.078951 2cdc  Options.max_write_buffer_number: 2
2024/12/13-21:08:57.078954 2cdc          Options.compression: LZ4
2024/12/13-21:08:57.078956 2cdc                  Options.bottommost_compression: Disabled
2024/12/13-21:08:57.078959 2cdc       Options.prefix_extractor: nullptr
2024/12/13-21:08:57.078962 2cdc   Options.memtable_insert_with_hint_prefix_extractor: nullptr
2024/12/13-21:08:57.078964 2cdc             Options.num_levels: 7
2024/12/13-21:08:57.078967 2cdc        Options.min_write_buffer_number_to_merge: 1
2024/12/13-21:08:57.078969 2cdc     Options.max_write_buffer_number_to_maintain: 0
2024/12/13-21:08:57.078972 2cdc     Options.max_write_buffer_size_to_maintain: 134217728
2024/12/13-21:08:57.078975 2cdc            Options.bottommost_compression_opts.window_bits: -14
2024/12/13-21:08:57.078978 2cdc                  Options.bottommost_compression_opts.level: 32767
2024/12/13-21:08:57.078981 2cdc               Options.bottommost_compression_opts.strategy: 0
2024/12/13-21:08:57.078984 2cdc         Options.bottommost_compression_opts.max_dict_bytes: 0
2024/12/13-21:08:57.078987 2cdc         Options.bottommost_compression_opts.zstd_max_train_bytes: 0
2024/12/13-21:08:57.078989 2cdc         Options.bottommost_compression_opts.parallel_threads: 1
2024/12/13-21:08:57.078992 2cdc                  Options.bottommost_compression_opts.enabled: false
2024/12/13-21:08:57.078995 2cdc         Options.bottommost_compression_opts.max_dict_buffer_bytes: 0
2024/12/13-21:08:57.078999 2cdc         Options.bottommost_compression_opts.use_zstd_dict_trainer: true
2024/12/13-21:08:57.079001 2cdc            Options.compression_opts.window_bits: -14
2024/12/13-21:08:57.079004 2cdc                  Options.compression_opts.level: 32767
2024/12/13-21:08:57.079007 2cdc               Options.compression_opts.strategy: 0
2024/12/13-21:08:57.079010 2cdc         Options.compression_opts.max_dict_bytes: 0
2024/12/13-21:08:57.079012 2cdc         Options.compression_opts.zstd_max_train_bytes: 0
2024/12/13-21:08:57.079015 2cdc         Options.compression_opts.use_zstd_dict_trainer: true
2024/12/13-21:08:57.079018 2cdc         Options.compression_opts.parallel_threads: 1
2024/12/13-21:08:57.079020 2cdc                  Options.compression_opts.enabled: false
2024/12/13-21:08:57.079023 2cdc         Options.compression_opts.max_dict_buffer_bytes: 0
2024/12/13-21:08:57.079026 2cdc      Options.level0_file_num_compaction_trigger: 4
2024/12/13-21:08:57.079029 2cdc          Options.level0_slowdown_writes_trigger: 20
2024/12/13-21:08:57.079032 2cdc              Options.level0_stop_writes_trigger: 36
2024/12/13-21:08:57.079041 2cdc                   Options.target_file_size_base: 67108864
2024/12/13-21:08:57.079043 2cdc             Options.target_file_size_multiplier: 1
2024/12/13-21:08:57.079046 2cdc                Options.max_bytes_for_level_base: 268435456
2024/12/13-21:08:57.079049 2cdc Options.level_compaction_dynamic_level_bytes: 0
2024/12/13-21:08:57.079052 2cdc          Options.max_bytes_for_level_multiplier: 10.000000
2024/12/13-21:08:57.079055 2cdc Options.max_bytes_for_level_multiplier_addtl[0]: 1
2024/12/13-21:08:57.079058 2cdc Options.max_bytes_for_level_multiplier_addtl[1]: 1
2024/12/13-21:08:57.079061 2cdc Options.max_bytes_for_level_multiplier_addtl[2]: 1
2024/12/13-21:08:57.079064 2cdc Options.max_bytes_for_level_multiplier_addtl[3]: 1
2024/12/13-21:08:57.079091 2cdc Options.max_bytes_for_level_multiplier_addtl[4]: 1
2024/12/13-21:08:57.079095 2cdc Options.max_bytes_for_level_multiplier_addtl[5]: 1
2024/12/13-21:08:57.079098 2cdc Options.max_bytes_for_level_multiplier_addtl[6]: 1
2024/12/13-21:08:57.079101 2cdc       Options.max_sequential_skip_in_iterations: 8
2024/12/13-21:08:57.079103 2cdc                    Options.max_compaction_bytes: 1677721600
2024/12/13-21:08:57.079106 2cdc   Options.ignore_max_compaction_bytes_for_input: true
2024/12/13-21:08:57.079109 2cdc                        Options.arena_block_size: 1048576
2024/12/13-21:08:57.079112 2cdc   Options.soft_pending_compaction_bytes_limit: 68719476736
2024/12/13-21:08:57.079114 2cdc   Options.hard_pending_compaction_bytes_limit: 274877906944
2024/12/13-21:08:57.079123 2cdc                Options.disable_auto_compactions: 0
2024/12/13-21:08:57.079127 2cdc                        Options.compaction_style: kCompactionStyleLevel
2024/12/13-21:08:57.079130 2cdc                          Options.compaction_pri: kMinOverlappingRatio
2024/12/13-21:08:57.079132 2cdc Options.compaction_options_universal.size_ratio: 1
2024/12/13-21:08:57.079135 2cdc Options.compaction_options_universal.min_merge_width: 2
2024/12/13-21:08:57.079138 2cdc Options.compaction_options_universal.max_merge_width: 4294967295
2024/12/13-21:08:57.079140 2cdc Options.compaction_options_universal.max_size_amplification_percent: 200
2024/12/13-21:08:57.079143 2cdc Options.compaction_options_universal.compression_size_percent: -1
2024/12/13-21:08:57.079146 2cdc Options.compaction_options_universal.stop_style: kCompactionStopStyleTotalSize
2024/12/13-21:08:57.079149 2cdc Options.compaction_options_fifo.max_table_files_size: 1073741824
2024/12/13-21:08:57.079151 2cdc Options.compaction_options_fifo.allow_compaction: 0
2024/12/13-21:08:57.079155 2cdc                   Options.table_properties_collectors: 
2024/12/13-21:08:57.079158 2cdc                   Options.inplace_update_support: 0
2024/12/13-21:08:57.079160 2cdc                 Options.inplace_update_num_locks: 10000
2024/12/13-21:08:57.079163 2cdc               Options.memtable_prefix_bloom_size_ratio: 0.000000
2024/12/13-21:08:57.079166 2cdc               Options.memtable_whole_key_filtering: 0
2024/12/13-21:08:57.079169 2cdc   Options.memtable_huge_page_size: 0
2024/12/13-21:08:57.079172 2cdc                           Options.bloom_locality: 0
2024/12/13-21:08:57.079174 2cdc                    Options.max_successive_merges: 0
2024/12/13-21:08:57.079177 2cdc                Options.optimize_filters_for_hits: 0
2024/12/13-21:08:57.079180 2cdc                Options.paranoid_file_checks: 0
2024/12/13-21:08:57.079182 2cdc                Options.force_consistency_checks: 1
2024/12/13-21:08:57.079185 2cdc                Options.report_bg_io_stats: 0
2024/12/13-21:08:57.079188 2cdc                               Options.ttl: 0
2024/12/13-21:08:57.079191 2cdc          Options.periodic_compaction_seconds: 0
2024/12/13-21:08:57.079193 2cdc  Options.preclude_last_level_data_seconds: 0
2024/12/13-21:08:57.079196 2cdc    Options.preserve_internal_time_seconds: 0
2024/12/13-21:08:57.079198 2cdc                       Options.enable_blob_files: false
2024/12/13-21:08:57.079201 2cdc                           Options.min_blob_size: 0
2024/12/13-21:08:57.079204 2cdc                          Options.blob_file_size: 268435456
2024/12/13-21:08:57.079207 2cdc                   Options.blob_compression_type: NoCompression
2024/12/13-21:08:57.079210 2cdc          Options.enable_blob_garbage_collection: false
2024/12/13-21:08:57.079213 2cdc      Options.blob_garbage_collection_age_cutoff: 0.250000
2024/12/13-21:08:57.079216 2cdc Options.blob_garbage_collection_force_threshold: 1.000000
2024/12/13-21:08:57.079219 2cdc          Options.blob_compaction_readahead_size: 0
2024/12/13-21:08:57.079222 2cdc                Options.blob_file_starting_level: 0
2024/12/13-21:08:57.079224 2cdc Options.experimental_mempurge_threshold: 0.000000
2024/12/13-21:08:57.079258 2cdc [db\column_family.cc:621] --------------- Options for column family []:
2024/12/13-21:08:57.079262 2cdc               Options.comparator: leveldb.BytewiseComparator
2024/12/13-21:08:57.079265 2cdc           Options.merge_operator: None
2024/12/13-21:08:57.079268 2cdc        Options.compaction_filter: None
2024/12/13-21:08:57.079270 2cdc        Options.compaction_filter_factory: None
2024/12/13-21:08:57.079273 2cdc  Options.sst_partitioner_factory: None
2024/12/13-21:08:57.079275 2cdc         Options.memtable_factory: SkipListFactory
2024/12/13-21:08:57.079278 2cdc            Options.table_factory: BlockBasedTable
2024/12/13-21:08:57.079291 2cdc            table_factory options:   flush_block_policy_factory: FlushBlockBySizePolicyFactory (000002A793079AB0)
  cache_index_and_filter_blocks: 0
  cache_index_and_filter_blocks_with_high_priority: 1
  pin_l0_filter_and_index_blocks_in_cache: 0
  pin_top_level_index_and_filter: 1
  index_type: 0
  data_block_index_type: 0
  index_shortening: 1
  data_block_hash_table_util_ratio: 0.750000
  checksum: 1
  no_block_cache: 0
  block_cache: 000002A794A26F50
  block_cache_name: LRUCache
  block_cache_options:
    capacity : 134217728
    num_shard_bits : 6
    strict_capacity_limit : 0
    memory_allocator : None
    high_pri_pool_ratio: 0.000
    low_pri_pool_ratio: 0.000
  persistent_cache: 0000000000000000
  block_size: 32768
  block_size_deviation: 10
  block_restart_interval: 16
  index_block_restart_interval: 1
  metadata_block_size: 4096
  partition_filters: 0
  use_delta_encoding: 1
  filter_policy: bloomfilter
  whole_key_filtering: 1
  verify_compression: 0
  read_amp_bytes_per_bit: 0
  format_version: 5
  enable_index_compression: 1
  block_align: 0
  max_auto_readahead_size: 262144
  prepopulate_block_cache: 0
  initial_auto_readahead_size: 8192
  num_file_reads_for_auto_readahead: 2
2024/12/13-21:08:57.079294 2cdc        Options.write_buffer_size: 67108864
2024/12/13-21:08:57.079297 2cdc  Options.max_write_buffer_number: 2
2024/12/13-21:08:57.079299 2cdc          Options.compression: LZ4
2024/12/13-21:08:57.079302 2cdc                  Options.bottommost_compression: Disabled
2024/12/13-21:08:57.079304 2cdc       Options.prefix_extractor: nullptr
2024/12/13-21:08:57.079307 2cdc   Options.memtable_insert_with_hint_prefix_extractor: nullptr
2024/12/13-21:08:57.079310 2cdc             Options.num_levels: 7
2024/12/13-21:08:57.079312 2cdc        Options.min_write_buffer_number_to_merge: 1
2024/12/13-21:08:57.079315 2cdc     Options.max_write_buffer_number_to_maintain: 0
2024/12/13-21:08:57.079317 2cdc     Options.max_write_buffer_size_to_maintain: 134217728
2024/12/13-21:08:57.079320 2cdc            Options.bottommost_compression_opts.window_bits: -14
2024/12/13-21:08:57.079323 2cdc                  Options.bottommost_compression_opts.level: 32767
2024/12/13-21:08:57.079326 2cdc               Options.bottommost_compression_opts.strategy: 0
2024/12/13-21:08:57.079328 2cdc         Options.bottommost_compression_opts.max_dict_bytes: 0
